2
3
6
15
6
7
1
4
4
3
4
1
1
1
3
3
21
2
4
4
3
7
2
3
8
3
2
5
1
7
6
3
314
2
4
4
7
2
2
6
3
1
2
7
10
10
5
16
9
1
4
6
1
1
4
2
2
1
1
2
3
1
1
4
15
3
2
2
3
19
2
21
15
1
2
1
9
10
58
4
1
1
1
5
8
2
3
7
3
3
3
12
2
3
4
10
8
2
1
17
10
3
17
1
2
2
26
3
2
6
14
12
1
4
3
10
7
2
8
1
1
7
8
10
2
12
3
18
6
19
4
8
1
5
15
3
2
26
6
3
4
3
4
4
8
3
10
27
1
7
1
8
6
6
3
1
2
7
2
1
3
2
2
56
4
8
3
9
6
2
1
2
8
4
2
1
5
1
12
4
7
2
2
2
18
24
4
2
5
4
15
7
26
15
3
1
6
1
2
21
21
3
3
2
9
45
1
10
1
39
2
4
2
4
5
6
6
3
2
10
13
2
7
3
6
4
3
3
35
1
3
7
2
4
4
18
3
2
52
2
4
1
8
37
2
46
6
8
4
1
1
5
1
1
1
4
12
1
3
1
3
3
2
1
16
10
1
1
21
1
1
5
6
2
3
4
4
4
14
22
14
4
2
6
21
6
2
12
5
59
1
41
20
1
4
4
6
6
22
11
6
1
4
4
1
12
5
4
11
7
24
6
7
14
7
13
3
30
5
4
15
4
4
5
16
4
1
2
8
13
20
30
3
4
2
12
13
12
1
2
4
10
1
3
1
3
1
1
9
5
5
4
6
2
3
2
6
3
2
3
2
3
28
12
2
20
52
11
81
1
12
13
5
4
6
1
4
4
16
2
3
2
2
36
61
13
24
6
2
2
4
1
1
3
13
3
3
1
4
4
4
2
1
2
2
6
3
2
4
3
10
12
2
7
64
4
2
6
3
2
24
11
1
8
4
2
4
4
2
4
20
3
3
5
8
7
6
2
1
2
1
10
10
10
1
9
4
1
10
7
2
14
1
1
5
3
12
4
12
8
1
2
19
12
1
5
26
2
2
3
6
4
2
2
2
2
4
4
4
3
4
3
4
3
2
2
2
1
2
2
31
1
44
3
3
10
3
6
1
5
6
6
6
7
94
4
2
1
4
8
17
9
1
1
3
33
4
2
1
34
16
1
3
4
2
11
1
1
3
9
1
4
14
30
3
1
3
2
2
1
1
20
18
7
7
4
4
8
1
2
1
4
2
6
7
3
6
5
3
3
1
3
1
4
2
3
6
2
3
6
6
2
9
3
17
1
3
1
3
7
11
2
2
12
5
18
3
17
1
1
4
3
1
2
5
3
7
5
28
2
2
6
2
3
1
3
1
1
55
16
10
4
22
91
2
2
2
15
4
5
6
39
3
4
24
4
7
10
2
9
3
9
3
3
2
2
12
24
3
3
1
9
5
10
2
1
6
40
13
7
3
10
2
2
10
10
3
3
6
60
2
9
3
16
24
7
22
4
12
9
2
4
3
1
6
80
7
2
5
26
252
3
1
2
2
9
1
4
9
1
8
3
8
4
11
1
3
55
9
2
3
8
3
9
4
2
1
18
1
6
1
1
2
191
3
1
11
6
2
1
10
4
4
1
6
2
891
10
6
81
1
1
3
7
1
13
2
3
6
11
6
3
2
4
23
4
106
2
4
18
31
40
4
11
2
20
2
3
9
1
4
6
3
1
3
3
17
1
4
3
1
6
3
6
1
3
4
1
1
4
12
24
1
3
1
6
8
5
3
13
2
6
1
2
5
29
4
12
7
5
12
2
5
1
10
7
1
8
11
3
18
2
4
6
2
7
2
2
1
1
4
3
4
2
3
38
2
6
2
1
1
4
3
2
8
16
3
2
1
15
6
2
7
1
12
11
9
4
6
16
6
10
4
3
1
20
3
6
4
4
16
18
1
13
10
27
22
3
9
1
6
3
27
4
2
6
13
3
1
4
2
1
3
1
6
3
7
1
1
3
2
4
2
1
6
2
2
16
8
6
9
11
12
4
6
8
1
4
3
3
3
5
1
3
4
3
10
9
6
2
2
8
3
2
4
8
3
2
28
84
14
3
1
2
86
18
5
3
4
1
1
12
37
14
9
24
19
6
3
10
14
5
18
3
1
4
18
2
1
1
5
31
1
12
2
4
1
6
1
13
3
2
2
7
2
6

